
Testing the Symmetric Matrix ...

Original Matrix:
      1.00     9.00     17.00     25.00     33.00     41.00     49.00     57.00
     9.00     10.00     18.00     26.00     34.00     42.00     50.00     58.00
     17.00     18.00     19.00     27.00     35.00     43.00     51.00     59.00
     25.00     26.00     27.00     28.00     36.00     44.00     52.00     60.00
     33.00     34.00     35.00     36.00     37.00     45.00     53.00     61.00
     41.00     42.00     43.00     44.00     45.00     46.00     54.00     62.00
     49.00     50.00     51.00     52.00     53.00     54.00     55.00     63.00
     57.00     58.00     59.00     60.00     61.00     62.00     63.00     64.00

Is Symmetric Matrix: 1
Transposed Matrix:
      1.00     9.00     17.00     25.00     33.00     41.00     49.00     57.00
     9.00     10.00     18.00     26.00     34.00     42.00     50.00     58.00
     17.00     18.00     19.00     27.00     35.00     43.00     51.00     59.00
     25.00     26.00     27.00     28.00     36.00     44.00     52.00     60.00
     33.00     34.00     35.00     36.00     37.00     45.00     53.00     61.00
     41.00     42.00     43.00     44.00     45.00     46.00     54.00     62.00
     49.00     50.00     51.00     52.00     53.00     54.00     55.00     63.00
     57.00     58.00     59.00     60.00     61.00     62.00     63.00     64.00


Testing the Row Iterator:
1.00  9.00  17.00  25.00  33.00  41.00  49.00  57.00  9.00  10.00  18.00  26.00  34.00  42.00  50.00  58.00  17.00  18.00  19.00  27.00  35.00  43.00  51.00  59.00  25.00  26.00  27.00  28.00  36.00  44.00  52.00  60.00  33.00  34.00  35.00  36.00  37.00  45.00  53.00  61.00  41.00  42.00  43.00  44.00  45.00  46.00  54.00  62.00  49.00  50.00  51.00  52.00  53.00  54.00  55.00  63.00  57.00  58.00  59.00  60.00  61.00  62.00  63.00  64.00  

Testing the Column Iterator:
1.00  9.00  17.00  25.00  33.00  41.00  49.00  57.00  9.00  10.00  18.00  26.00  34.00  42.00  50.00  58.00  17.00  18.00  19.00  27.00  35.00  43.00  51.00  59.00  25.00  26.00  27.00  28.00  36.00  44.00  52.00  60.00  33.00  34.00  35.00  36.00  37.00  45.00  53.00  61.00  41.00  42.00  43.00  44.00  45.00  46.00  54.00  62.00  49.00  50.00  51.00  52.00  53.00  54.00  55.00  63.00  57.00  58.00  59.00  60.00  61.00  62.00  63.00  64.00  

-------


Testing the Dense Matrix ...

      1.00     2.00     3.00
     4.00     5.00     6.00
     7.00     8.00     9.00
     10.00     11.00     12.00
     13.00     14.00     15.00
     16.00     17.00     18.00
     19.00     20.00     21.00
     22.00     23.00     24.00
Column 1:
2.00
5.00
8.00
11.00
14.00
17.00
20.00
23.00

Row 4:
13.00   14.00   15.00   

Testing the column iterator ...

1.00  4.00  7.00  10.00  13.00  16.00  19.00  22.00  2.00  5.00  8.00  11.00  14.00  17.00  20.00  23.00  3.00  6.00  9.00  12.00  15.00  18.00  21.00  24.00  

Testing the Row Iterator:
1.00  2.00  3.00  4.00  5.00  6.00  7.00  8.00  9.00  10.00  11.00  12.00  13.00  14.00  15.00  16.00  17.00  18.00  19.00  20.00  21.00  22.00  23.00  24.00  

Testing the transpose methods ...

Original Matrix:
      1.00     2.00     3.00
     4.00     5.00     6.00
     7.00     8.00     9.00
     10.00     11.00     12.00
     13.00     14.00     15.00
     16.00     17.00     18.00
     19.00     20.00     21.00
     22.00     23.00     24.00

Transposed Matrix:
      1.00     4.00     7.00     10.00     13.00     16.00     19.00     22.00
     2.00     5.00     8.00     11.00     14.00     17.00     20.00     23.00
     3.00     6.00     9.00     12.00     15.00     18.00     21.00     24.00


Testing the set row/column methods ...

      1.00     2.00     111.10
     4.00     5.00     111.10
     7.00     8.00     111.10
     10.00     11.00     111.10
     13.00     14.00     111.10
     16.00     17.00     111.10
     19.00     20.00     111.10
     111.10     111.10     111.10

-------

Testing the transpose operator ...

Original Matrix:
      1.00     2.00     3.00
     4.00     5.00     6.00
     7.00     8.00     9.00
     10.00     11.00     12.00
     13.00     14.00     15.00
     16.00     17.00     18.00
     19.00     20.00     21.00
     22.00     23.00     24.00

Transposed Matrix:
      2.00     5.00     8.00     11.00     14.00     17.00     20.00     23.00
     3.00     6.00     9.00     12.00     15.00     18.00     21.00     24.00
     4.00     7.00     10.00     13.00     16.00     19.00     22.00     25.00

      2.00     5.00     8.00     11.00     14.00     17.00     20.00     23.00
     3.00     6.00     9.00     12.00     15.00     18.00     21.00     24.00
     4.00     7.00     10.00     13.00     16.00     19.00     22.00     25.00

      3.00     6.00     9.00     12.00     15.00     18.00     21.00     24.00
     4.00     7.00     10.00     13.00     16.00     19.00     22.00     25.00
     5.00     8.00     11.00     14.00     17.00     20.00     23.00     26.00


-------

Testing Iterators ...

      1.00     2.00     3.00     4.00     5.00     6.00     7.00     8.00
     9.00     10.00     11.00     12.00     13.00     14.00     15.00     16.00
     17.00     18.00     19.00     20.00     21.00     22.00     23.00     24.00

Testing the Row Iterator:
1.00  2.00  3.00  4.00  5.00  6.00  7.00  8.00  9.00  10.00  11.00  12.00  13.00  14.00  15.00  16.00  17.00  18.00  19.00  20.00  21.00  22.00  23.00  24.00  
Column 5:
6.00
14.00
22.00

Row 2:
17.00   18.00   19.00   20.00   21.00   22.00   23.00   24.00   

-------

Testing Iterators (2) ...

      1.00     2.00     3.00     4.00     5.00     6.00     7.00     8.00
     9.00     10.00     11.00     12.00     13.00     14.00     15.00     16.00
     17.00     18.00     19.00     20.00     21.00     22.00     23.00     24.00
     25.00     26.00     27.00     28.00     29.00     30.00     31.00     32.00
     33.00     34.00     35.00     36.00     37.00     38.00     39.00     40.00
     41.00     42.00     43.00     44.00     45.00     46.00     47.00     48.00
     49.00     50.00     51.00     52.00     53.00     54.00     55.00     56.00
     57.00     58.00     59.00     60.00     61.00     62.00     63.00     64.00

Testing the Row Iterator:
1.00  2.00  3.00  4.00  5.00  6.00  7.00  8.00  9.00  10.00  11.00  12.00  13.00  14.00  15.00  16.00  17.00  18.00  19.00  20.00  21.00  22.00  23.00  24.00  25.00  26.00  27.00  28.00  29.00  30.00  31.00  32.00  33.00  34.00  35.00  36.00  37.00  38.00  39.00  40.00  41.00  42.00  43.00  44.00  45.00  46.00  47.00  48.00  49.00  50.00  51.00  52.00  53.00  54.00  55.00  56.00  57.00  58.00  59.00  60.00  61.00  62.00  63.00  64.00  
Column 5:
6.00
14.00
22.00
30.00
38.00
46.00
54.00
62.00

Row 6:
49.00   50.00   51.00   52.00   53.00   54.00   55.00   56.00   

Testing determinant calculation ...

Determinant:  0.00000000
Is singular?  0

-------

Testing determinant calculation ...

Original Matrix:
      2.00000000     3.00000000     2.00000000
     3.00000000     2.00000000     3.00000000
     4.00000000     2.00000000     2.00000000

Determinant:  10.00000000
Condition#:   10.58961756
Is singular?  0
The Adjoint matrix:
      -2.00000000     -2.00000000     5.00000000
     6.00000000     -4.00000000     -0.00000000
     -2.00000000     8.00000000     -5.00000000

Determinant after multiplied by 10:  10000.00000000
Condition# after multiplied by 10:   10.58961756
Is singular?                         0

Original dmat:
      20.00000000     30.00000000     20.00000000
     30.00000000     20.00000000     30.00000000
     40.00000000     20.00000000     20.00000000

After dmat / dmat:
      1.00000000     0.00000000     0.00000000
     0.00000000     1.00000000     0.00000000
     0.00000000     0.00000000     1.00000000

Determinant:  -88.00000000
Condition#:   4.82062009
Is singular?  0
Determinant:  -20.00000000
Is singular?  0

-------

Testing Dense Matrix Expression math ...

Before Addition(1):
      1.00     2.00     3.00     4.00     5.00     6.00     7.00     8.00
     9.00     10.00     11.00     12.00     13.00     14.00     15.00     16.00
     17.00     18.00     19.00     20.00     21.00     22.00     23.00     24.00
     25.00     26.00     27.00     28.00     29.00     30.00     31.00     32.00
     33.00     34.00     35.00     36.00     37.00     38.00     39.00     40.00
     41.00     42.00     43.00     44.00     45.00     46.00     47.00     48.00
     49.00     50.00     51.00     52.00     53.00     54.00     55.00     56.00
     57.00     58.00     59.00     60.00     61.00     62.00     63.00     64.00

After Addition(2):
      12.00     14.00     16.00     18.00     20.00     22.00     24.00     26.00
     28.00     30.00     32.00     34.00     36.00     38.00     40.00     42.00
     44.00     46.00     48.00     50.00     52.00     54.00     56.00     58.00
     60.00     62.00     64.00     66.00     68.00     70.00     72.00     74.00
     76.00     78.00     80.00     82.00     84.00     86.00     88.00     90.00
     92.00     94.00     96.00     98.00     100.00     102.00     104.00     106.00
     108.00     110.00     112.00     114.00     116.00     118.00     120.00     122.00
     124.00     126.00     128.00     130.00     132.00     134.00     136.00     138.00

Before Addition:
      1.00     2.00     3.00     4.00     5.00     6.00     7.00     8.00
     9.00     10.00     11.00     12.00     13.00     14.00     15.00     16.00
     17.00     18.00     19.00     20.00     21.00     22.00     23.00     24.00
     25.00     26.00     27.00     28.00     29.00     30.00     31.00     32.00
     33.00     34.00     35.00     36.00     37.00     38.00     39.00     40.00
     41.00     42.00     43.00     44.00     45.00     46.00     47.00     48.00
     49.00     50.00     51.00     52.00     53.00     54.00     55.00     56.00
     57.00     58.00     59.00     60.00     61.00     62.00     63.00     64.00

      10.00     10.00     10.00     10.00     10.00     10.00     10.00     10.00
     10.00     10.00     10.00     10.00     10.00     10.00     10.00     10.00
     10.00     10.00     10.00     10.00     10.00     10.00     10.00     10.00
     10.00     10.00     10.00     10.00     10.00     10.00     10.00     10.00
     10.00     10.00     10.00     10.00     10.00     10.00     10.00     10.00
     10.00     10.00     10.00     10.00     10.00     10.00     10.00     10.00
     10.00     10.00     10.00     10.00     10.00     10.00     10.00     10.00
     10.00     10.00     10.00     10.00     10.00     10.00     10.00     10.00

After Addition(3):
      11.00     12.00     13.00     14.00     15.00     16.00     17.00     18.00
     19.00     20.00     21.00     22.00     23.00     24.00     25.00     26.00
     27.00     28.00     29.00     30.00     31.00     32.00     33.00     34.00
     35.00     36.00     37.00     38.00     39.00     40.00     41.00     42.00
     43.00     44.00     45.00     46.00     47.00     48.00     49.00     50.00
     51.00     52.00     53.00     54.00     55.00     56.00     57.00     58.00
     59.00     60.00     61.00     62.00     63.00     64.00     65.00     66.00
     67.00     68.00     69.00     70.00     71.00     72.00     73.00     74.00

Original Matrices:
      1.00     2.00     3.00     4.00     5.00     6.00     7.00     8.00
     9.00     10.00     11.00     12.00     13.00     14.00     15.00     16.00
     17.00     18.00     19.00     20.00     21.00     22.00     23.00     24.00
     25.00     26.00     27.00     28.00     29.00     30.00     31.00     32.00
     33.00     34.00     35.00     36.00     37.00     38.00     39.00     40.00
     41.00     42.00     43.00     44.00     45.00     46.00     47.00     48.00
     49.00     50.00     51.00     52.00     53.00     54.00     55.00     56.00
     57.00     58.00     59.00     60.00     61.00     62.00     63.00     64.00

      63.00     62.00     61.00     60.00     59.00     58.00     57.00     56.00
     55.00     54.00     53.00     52.00     51.00     50.00     49.00     48.00
     47.00     46.00     45.00     44.00     43.00     42.00     41.00     40.00
     39.00     38.00     37.00     36.00     35.00     34.00     33.00     32.00
     31.00     30.00     29.00     28.00     27.00     26.00     25.00     24.00
     23.00     22.00     21.00     20.00     19.00     18.00     17.00     16.00
     15.00     14.00     13.00     12.00     11.00     10.00     9.00     8.00
     7.00     6.00     5.00     4.00     3.00     2.00     1.00     0.00

After dmat2 += dmat1;:
      64.00     64.00     64.00     64.00     64.00     64.00     64.00     64.00
     64.00     64.00     64.00     64.00     64.00     64.00     64.00     64.00
     64.00     64.00     64.00     64.00     64.00     64.00     64.00     64.00
     64.00     64.00     64.00     64.00     64.00     64.00     64.00     64.00
     64.00     64.00     64.00     64.00     64.00     64.00     64.00     64.00
     64.00     64.00     64.00     64.00     64.00     64.00     64.00     64.00
     64.00     64.00     64.00     64.00     64.00     64.00     64.00     64.00
     64.00     64.00     64.00     64.00     64.00     64.00     64.00     64.00

After dmat2 -= dmat1;:
      62.00     60.00     58.00     56.00     54.00     52.00     50.00     48.00
     46.00     44.00     42.00     40.00     38.00     36.00     34.00     32.00
     30.00     28.00     26.00     24.00     22.00     20.00     18.00     16.00
     14.00     12.00     10.00     8.00     6.00     4.00     2.00     0.00
     -2.00     -4.00     -6.00     -8.00     -10.00     -12.00     -14.00     -16.00
     -18.00     -20.00     -22.00     -24.00     -26.00     -28.00     -30.00     -32.00
     -34.00     -36.00     -38.00     -40.00     -42.00     -44.00     -46.00     -48.00
     -50.00     -52.00     -54.00     -56.00     -58.00     -60.00     -62.00     -64.00

Original Matrix:
      64.00     64.00     64.00     64.00     64.00     64.00     64.00     64.00
     64.00     64.00     64.00     64.00     64.00     64.00     64.00     64.00
     64.00     64.00     64.00     64.00     64.00     64.00     64.00     64.00
     64.00     64.00     64.00     64.00     64.00     64.00     64.00     64.00
     64.00     64.00     64.00     64.00     64.00     64.00     64.00     64.00
     64.00     64.00     64.00     64.00     64.00     64.00     64.00     64.00
     64.00     64.00     64.00     64.00     64.00     64.00     64.00     64.00
     64.00     64.00     64.00     64.00     64.00     64.00     64.00     64.00

dmat2 += (dmat1 + dmat2) - dmat2 + (dmat1 + dmat2);:
      126.00     124.00     122.00     120.00     118.00     116.00     114.00     112.00
     110.00     108.00     106.00     104.00     102.00     100.00     98.00     96.00
     94.00     92.00     90.00     88.00     86.00     84.00     82.00     80.00
     78.00     76.00     74.00     72.00     70.00     68.00     66.00     64.00
     62.00     60.00     58.00     56.00     54.00     52.00     50.00     48.00
     46.00     44.00     42.00     40.00     38.00     36.00     34.00     32.00
     30.00     28.00     26.00     24.00     22.00     20.00     18.00     16.00
     14.00     12.00     10.00     8.00     6.00     4.00     2.00     0.00


-------

Testing matrix multiplication ...

	[1 X 4] * [4 X 1] = [1 X 1]

Original Matrices:
      1.00     2.00     3.00     4.00

      1.00
     2.00
     3.00
     4.00

After m3 = m1 * m2:
      30.00

	[3 X 3] * [3 X 3] = [3 X 3]

Original matrices:
      1.00     2.00     3.00
     4.00     5.00     6.00
     7.00     8.00     9.00

      1.00     2.00     3.00
     4.00     5.00     6.00
     7.00     8.00     9.00

After multiplication:
      30.00     36.00     42.00
     66.00     81.00     96.00
     102.00     126.00     150.00

	[3 X 2] * [2 X 3] = [3 X 3]

Original matrices:
      1.00     2.00
     3.00     4.00
     5.00     6.00

      1.00     2.00     3.00
     4.00     5.00     6.00

After multiplication:
      9.00     12.00     15.00
     19.00     26.00     33.00
     29.00     40.00     51.00


-------
      9.00     12.00     15.00
     19.00     26.00     33.00
     29.00     40.00     51.00

      9.00     12.00     15.00
     19.00     26.00     33.00
     29.00     40.00     51.00

      9.00     12.00     15.00
     19.00     26.00     33.00
     29.00     40.00     51.00


-------
Original matrices:
      1.00     2.00
     3.00     4.00
     5.00     6.00

      5.00     4.00     3.00
     2.00     1.00     0.00

After m5 *= m6:
      9.00     6.00     3.00
     23.00     16.00     9.00
     37.00     26.00     15.00


-------

Testing comparison operators ...

      924.00     888.00     852.00     816.00     780.00     744.00     708.00     672.00
     3164.00     3064.00     2964.00     2864.00     2764.00     2664.00     2564.00     2464.00
     5404.00     5240.00     5076.00     4912.00     4748.00     4584.00     4420.00     4256.00

      4188.00     4344.00     4500.00     4656.00     4812.00     4968.00     5124.00     5280.00
     2332.00     2424.00     2516.00     2608.00     2700.00     2792.00     2884.00     2976.00
     476.00     504.00     532.00     560.00     588.00     616.00     644.00     672.00

      0.00     0.00     0.00     0.00     0.00     0.00     0.00     0.00
     0.00     0.00     0.00     0.00     0.00     0.00     0.00     0.00
     0.00     0.00     0.00     0.00     0.00     0.00     0.00     0.00

      0.00     0.00     0.00     0.00     0.00     0.00     0.00     0.00
     0.00     0.00     0.00     0.00     0.00     0.00     0.00     0.00
     0.00     0.00     0.00     0.00     0.00     0.00     0.00     0.00

Comparison operator testing was successfull


-------

Testing invert method ...

The matrix:
      2.00000000     3.00000000     2.00000000
     3.00000000     2.00000000     3.00000000
     4.00000000     2.00000000     2.00000000

The inverted matrix:
      -0.20000000     -0.20000000     0.50000000
     0.60000000     -0.40000000     0.00000000
     -0.20000000     0.80000000     -0.50000000

The product:
      1.00000000     0.00000000     0.00000000
     -0.00000000     1.00000000     0.00000000
     -0.00000000     0.00000000     1.00000000


-------

Testing solve() method ...

2*X + 3*Y + 2*Z = 13
3*X + 2*Y + 3*Z = 17
4*X - 2*Y + 2*Z = 12

LHS:
      2.00     3.00     2.00
     3.00     2.00     3.00
     4.00     -2.00     2.00

RHS:
      13.00
     17.00
     12.00

Solution:
      2.00
     1.00
     3.00


-------

Testing rref() method ...

Original Matrix:
      2.00     3.00     2.00
     3.00     2.00     3.00
     4.00     2.00     2.00

Row Reduced Echelon Form with rank (3)
      1.00     0.50     0.50
     0.00     1.00     0.50
     0.00     0.00     1.00

Original Matrix:
      1.00     2.00     3.00
     4.00     5.00     6.00
     7.00     8.00     9.00
     10.00     11.00     12.00
     13.00     14.00     15.00
     16.00     17.00     18.00
     19.00     20.00     21.00
     22.00     23.00     24.00

Row Reduced Echelon Form with rank (3)
      1.00     1.05     1.09
     0.00     1.00     2.00
     0.00     0.00     1.00
     0.00     0.00     0.00
     0.00     0.00     0.00
     0.00     0.00     0.00
     0.00     0.00     0.00
     0.00     0.00     0.00

Original Matrix:
      16807.00     282475249.00     1622650073.00     984943658.00     1144108930.00     470211272.00     101027544.00     1457850878.00
     1458777923.00     2007237709.00     823564440.00     1115438165.00     1784484492.00     74243042.00     114807987.00     1137522503.00
     1441282327.00     16531729.00     823378840.00     143542612.00     896544303.00     1474833169.00     1264817709.00     1998097157.00
     1817129560.00     1131570933.00     197493099.00     1404280278.00     893351816.00     1505795335.00     1954899097.00     1636807826.00
     563613512.00     101929267.00     1580723810.00     704877633.00     1358580979.00     1624379149.00     2128236579.00     784558821.00
     530511967.00     2110010672.00     1551901393.00     1617819336.00     1399125485.00     156091745.00     1356425228.00     1899894091.00
     585640194.00     937186357.00     1646035001.00     1025921153.00     510616708.00     590357944.00     771515668.00     357571490.00
     1044788124.00     1927702196.00     1952509530.00     130060903.00     1942727722.00     1083454666.00     1108728549.00     685118024.00

Row Reduced Echelon Form with rank (8)
Rank: 8
      1.00     0.62     0.11     0.77     0.49     0.83     1.08     0.90
     0.00     1.00     0.84     0.68     0.64     -0.16     0.44     0.80
     0.00     0.00     1.00     0.25     0.72     0.65     0.94     0.28
     0.00     0.00     0.00     1.00     -0.04     0.04     0.75     0.86
     0.00     0.00     0.00     0.00     1.00     0.55     1.15     0.91
     0.00     0.00     0.00     0.00     0.00     1.00     1.70     0.83
     0.00     0.00     0.00     0.00     0.00     0.00     1.00     -0.83
     0.00     0.00     0.00     0.00     0.00     0.00     0.00     1.00


-------

Testing mat_col_mean() method ...

Original Matrix:
      1.00     2.00     3.00     4.00
     5.00     6.00     7.00     8.00
     9.00     10.00     11.00     12.00
     13.00     14.00     15.00     16.00
     17.00     18.00     19.00     20.00
     21.00     22.00     23.00     24.00
     25.00     26.00     27.00     28.00
     29.00     30.00     31.00     32.00

Null Matrix:
      0.00     0.00     0.00     0.00

Mean Matrix:
      15.00     16.00     17.00     18.00

One Matrix:
      2.00
     2.00
     2.00
     2.00

Mean Matrix (2):
      132.00

      132.00


-------

Testing covariance() method ...

Original Matrix:
      4.00000000     2.00000000     0.60000000     3.00000000
     4.20000000     2.10000000     0.59000000     3.20000000
     3.90000000     2.00000000     0.58000000     2.89000000
     4.30000000     2.10000000     0.62000000     3.29800000
     4.10000000     2.20000000     0.63000000     3.09800000

Covariance Matrix:
      0.02500000     0.00750000     0.00175000     0.02540000
     0.00750000     0.00700000     0.00135000     0.00763000
     0.00175000     0.00135000     0.00043000     0.00178900
     0.02540000     0.00763000     0.00178900     0.02581720

Correlation Matrix:
      1.00000000     0.56694671     0.53374500     0.99979082
     0.56694671     1.00000000     0.77812706     0.56757198
     0.53374500     0.77812706     1.00000000     0.53693479
     0.99979082     0.56757198     0.53693479     1.00000000


-------

Testing is_normal() method ...

Original Matrix:
      1.00     2.00     3.00
     4.00     5.00     6.00
     7.00     8.00     9.00
Is Normal:     0
Is Orthogonal: 0

Original Matrix:
      1.00     1.00     0.00
     0.00     1.00     1.00
     1.00     0.00     1.00
Is Normal:     1
Is Orthogonal: 0


-------

Testing eigen_space() for symmetric metrices ...

Original Matrix:
      1.000000     11.000000     21.000000     31.000000     41.000000     51.000000     61.000000     71.000000     81.000000     91.000000
     11.000000     12.000000     22.000000     32.000000     42.000000     52.000000     62.000000     72.000000     82.000000     92.000000
     21.000000     22.000000     23.000000     33.000000     43.000000     53.000000     63.000000     73.000000     83.000000     93.000000
     31.000000     32.000000     33.000000     34.000000     44.000000     54.000000     64.000000     74.000000     84.000000     94.000000
     41.000000     42.000000     43.000000     44.000000     45.000000     55.000000     65.000000     75.000000     85.000000     95.000000
     51.000000     52.000000     53.000000     54.000000     55.000000     56.000000     66.000000     76.000000     86.000000     96.000000
     61.000000     62.000000     63.000000     64.000000     65.000000     66.000000     67.000000     77.000000     87.000000     97.000000
     71.000000     72.000000     73.000000     74.000000     75.000000     76.000000     77.000000     78.000000     88.000000     98.000000
     81.000000     82.000000     83.000000     84.000000     85.000000     86.000000     87.000000     88.000000     89.000000     99.000000
     91.000000     92.000000     93.000000     94.000000     95.000000     96.000000     97.000000     98.000000     99.000000     100.000000

Eigen Values:
      -124.176582     -24.549244     -11.190338     -6.565149     -4.528708     -3.445396     -2.838806     -2.488651     -2.306809     687.089683

Eigen Vectors:
      -0.477637     0.433053     0.400545     0.365379     0.316410     0.265083     0.202909     0.139301     0.069892     0.233547
     -0.437909     0.278287     0.073809     -0.132107     -0.316041     -0.424888     -0.442721     -0.363169     -0.203596     0.241112
     -0.366444     0.021498     -0.312289     -0.448491     -0.320417     -0.004974     0.315228     0.447731     0.317244     0.251835
     -0.268419     -0.243172     -0.447224     -0.150050     0.311979     0.427933     0.073795     -0.360551     -0.399642     0.265857
     -0.150940     -0.418693     -0.222472     0.354091     0.324372     -0.256999     -0.401593     0.135070     0.442672     0.283361
     -0.022521     -0.440717     0.181206     0.372817     -0.307867     -0.270603     0.396209     0.142222     -0.442096     0.304577
     0.107530     -0.301169     0.439147     -0.119542     -0.328275     0.422657     -0.062108     -0.364960     0.397970     0.329783
     0.229788     -0.051210     0.343897     -0.448024     0.303705     0.011860     -0.323521     0.447705     -0.314642     0.359308
     0.335391     0.217523     -0.027937     -0.162321     0.332126     -0.429918     0.440740     -0.358718     0.200318     0.393540
     0.416686     0.406510     -0.377302     0.345904     -0.299494     0.251327     -0.192298     0.132133     -0.066262     0.432927


-------

Original Matrix:
      1.000000     6.000000     11.000000     16.000000     21.000000
     6.000000     7.000000     12.000000     17.000000     22.000000
     11.000000     12.000000     13.000000     18.000000     23.000000
     16.000000     17.000000     18.000000     19.000000     24.000000
     21.000000     22.000000     23.000000     24.000000     25.000000

Eigen Values:
      -15.171017     -2.972286     -1.553739     -1.107188     85.804229

Eigen Vectors:
      0.662635     0.529085     -0.372296     -0.200905     0.319400
     0.455996     -0.165304     0.605678     0.518167     0.359721
     0.129128     -0.637232     0.024373     -0.634771     0.416812
     -0.231785     -0.251595     -0.619679     0.505565     0.493333
     -0.531586     0.472630     0.331592     -0.180581     0.592853


Testing eigen_space() for nonsymmetric metrices ...

Original Matrix:
      1.000000     2.000000     3.000000     4.000000     5.000000     6.000000     7.000000     8.000000     9.000000     10.000000
     11.000000     12.000000     13.000000     14.000000     15.000000     16.000000     17.000000     18.000000     19.000000     20.000000
     21.000000     22.000000     23.000000     24.000000     25.000000     26.000000     27.000000     28.000000     29.000000     30.000000
     31.000000     32.000000     33.000000     34.000000     35.000000     36.000000     37.000000     38.000000     39.000000     40.000000
     41.000000     42.000000     43.000000     44.000000     45.000000     46.000000     47.000000     48.000000     49.000000     50.000000
     51.000000     52.000000     53.000000     54.000000     55.000000     56.000000     57.000000     58.000000     59.000000     60.000000
     61.000000     62.000000     63.000000     64.000000     65.000000     66.000000     67.000000     68.000000     69.000000     70.000000
     71.000000     72.000000     73.000000     74.000000     75.000000     76.000000     77.000000     78.000000     79.000000     80.000000
     81.000000     82.000000     83.000000     84.000000     85.000000     86.000000     87.000000     88.000000     89.000000     90.000000
     91.000000     92.000000     93.000000     94.000000     95.000000     96.000000     97.000000     98.000000     99.000000     100.000000

Eigen Values:
      -15.839803     -0.000000     -0.000000     -0.000000     -0.000000     0.000000     0.000000     0.000000     0.000000     520.839803

Eigen Vectors:
      0.568403     0.379355     2.406629     -0.083399     -0.396238     0.174407     0.604474     -0.556584     -0.154550     -0.037663
     0.446386     -0.745938     1.258301     -0.216680     -0.093621     -0.981003     -1.009248     0.394826     0.175317     -0.090829
     0.324369     0.701701     -0.624939     0.106849     0.088418     0.359639     0.329350     0.031395     0.092108     -0.143996
     0.202352     0.030341     0.520194     0.018844     0.006689     0.301263     0.009321     0.027295     -0.048740     -0.197162
     0.080336     0.153903     -2.737876     0.103089     0.281591     0.406644     -0.386635     0.333387     -0.000619     -0.250328
     -0.041681     -0.410279     4.118898     0.009535     -0.680837     0.246727     0.199127     0.566673     -0.023674     -0.303495
     -0.163698     0.066958     -7.964680     0.416575     1.187906     -0.389869     -0.095605     0.606874     -0.616721     -0.356661
     -0.285715     -0.698676     -9.353850     0.315347     1.324134     -0.001459     0.604432     -2.085023     0.767216     -0.409828
     -0.407732     -0.472563     9.342859     -0.810987     -1.240536     0.105701     0.486966     -0.117092     0.049615     -0.462994
     -0.529748     0.995199     3.034462     0.140826     -0.477505     -0.222052     -0.742181     0.798249     -0.239953     -0.516160


-------

Original Matrix:
      1.000000     2.000000     3.000000     4.000000     5.000000
     6.000000     7.000000     8.000000     9.000000     10.000000
     11.000000     12.000000     13.000000     14.000000     15.000000
     16.000000     17.000000     18.000000     19.000000     20.000000
     21.000000     22.000000     23.000000     24.000000     25.000000

Eigen Values:
      68.642081     -3.642081     -0.000000     0.000000     -0.000000

Eigen Vectors:
      -0.107975     0.724764     -0.420193     -0.228845     -0.003795
     -0.252775     0.386986     0.814379     0.169753     -0.458387
     -0.397575     0.049209     -0.397798     -0.212873     1.232178
     -0.542375     -0.288569     0.033233     0.831868     -1.074013
     -0.687175     -0.626347     -0.029620     -0.559903     0.304017


-------

Testing svd() method ...

Original Matrix:
      1.000000     2.000000     3.000000     4.000000
     5.000000     6.000000     7.000000     8.000000
     9.000000     10.000000     11.000000     12.000000
     13.000000     14.000000     15.000000     16.000000
     17.000000     18.000000     19.000000     20.000000
     21.000000     22.000000     23.000000     24.000000
     25.000000     26.000000     27.000000     28.000000
     29.000000     30.000000     31.000000     32.000000

U:
      0.047786     0.643726     0.726611     0.139156
     0.122513     0.508724     -0.391608     -0.353044
     0.197239     0.373722     -0.253095     -0.113582
     0.271965     0.238720     -0.284033     -0.169966
     0.346691     0.103718     -0.037717     0.443206
     0.421418     -0.031284     -0.062627     0.387549
     0.496144     -0.166285     -0.096617     0.287229
     0.570870     -0.301287     0.399086     -0.620548

S:
      106.913954     0.000000     0.000000     0.000000
     0.000000     3.066975     0.000000     0.000000
     0.000000     0.000000     0.000000     0.000000
     0.000000     0.000000     0.000000     0.000000

V:
      0.464611     -0.695799     -0.523647     -0.160603
     0.487757     -0.249185     0.817903     -0.176166
     0.510903     0.197429     -0.064864     0.834142
     0.534049     0.644043     -0.229392     -0.497373

U * S * ~ V:
      1.000000     2.000000     3.000000     4.000000
     5.000000     6.000000     7.000000     8.000000
     9.000000     10.000000     11.000000     12.000000
     13.000000     14.000000     15.000000     16.000000
     17.000000     18.000000     19.000000     20.000000
     21.000000     22.000000     23.000000     24.000000
     25.000000     26.000000     27.000000     28.000000
     29.000000     30.000000     31.000000     32.000000


-------

Original Matrix:
      1.000000     2.000000     3.000000     4.000000     5.000000     6.000000     7.000000     8.000000
     9.000000     10.000000     11.000000     12.000000     13.000000     14.000000     15.000000     16.000000
     17.000000     18.000000     19.000000     20.000000     21.000000     22.000000     23.000000     24.000000
     25.000000     26.000000     27.000000     28.000000     29.000000     30.000000     31.000000     32.000000

U:
      -0.125009     -0.827268     -0.511886     0.194865
     -0.335695     -0.432792     0.537271     -0.641358
     -0.546381     -0.038316     0.461116     0.698120
     -0.757067     0.356160     -0.486501     -0.251628

S:
      106.781465     0.000000     0.000000     0.000000     0.000000
     0.000000     6.141561     0.000000     0.000000     0.000000
     0.000000     0.000000     0.000000     0.000000     0.000000
     0.000000     0.000000     0.000000     0.000000     0.000000
     0.000000     0.000000     0.000000     0.000000     0.000000

V:
      -0.293697     0.574812     0.358499     0.205963     0.642177     0.000000     0.000000     0.000000
     -0.310218     0.421396     -0.035485     -0.069978     -0.476814     0.000000     0.000000     0.000000
     -0.326739     0.267979     -0.480156     -0.180255     -0.063439     0.000000     0.000000     0.000000
     -0.343260     0.114563     0.177475     0.020007     -0.365027     0.000000     0.000000     0.000000
     -0.359782     -0.038853     0.312683     -0.956701     0.002515     0.000000     0.000000     0.000000
     -0.376303     -0.192270     -0.509506     -0.143537     -0.330471     1.000000     0.000000     0.000000
     -0.392824     -0.345686     0.483895     0.151317     0.188902     0.000000     1.000000     0.000000
     -0.409345     -0.499103     0.028806     0.038106     -0.231231     0.000000     0.000000     1.000000

U * S * ~ V:
      1.000000     2.000000     3.000000     4.000000     5.000000     6.000000     7.000000     8.000000
     9.000000     10.000000     11.000000     12.000000     13.000000     14.000000     15.000000     16.000000
     17.000000     18.000000     19.000000     20.000000     21.000000     22.000000     23.000000     24.000000
     25.000000     26.000000     27.000000     28.000000     29.000000     30.000000     31.000000     32.000000


-------

Original Matrix:
      1.000000     2.000000     3.000000     4.000000     5.000000     6.000000     7.000000     8.000000
     9.000000     10.000000     11.000000     12.000000     13.000000     14.000000     15.000000     16.000000
     17.000000     18.000000     19.000000     20.000000     21.000000     22.000000     23.000000     24.000000
     25.000000     26.000000     27.000000     28.000000     29.000000     30.000000     31.000000     32.000000
     33.000000     34.000000     35.000000     36.000000     37.000000     38.000000     39.000000     40.000000
     41.000000     42.000000     43.000000     44.000000     45.000000     46.000000     47.000000     48.000000
     49.000000     50.000000     51.000000     52.000000     53.000000     54.000000     55.000000     56.000000
     57.000000     58.000000     59.000000     60.000000     61.000000     62.000000     63.000000     64.000000

U:
      0.043676     0.644018     -0.750269     -0.094842     0.072685     0.061559     0.023810     0.042360
     0.119263     0.509496     0.491212     -0.143390     -0.024164     -0.117186     0.105715     0.662457
     0.194849     0.374974     0.355773     0.010785     0.284088     0.202776     0.447874     -0.610182
     0.270436     0.240451     0.199821     0.033069     0.000838     0.242910     -0.854937     -0.195196
     0.346022     0.105929     -0.017121     0.184942     -0.200186     -0.856478     -0.045768     -0.242544
     0.421609     -0.028593     -0.049529     0.064548     -0.799421     0.358010     0.218057     -0.003842
     0.497195     -0.163115     -0.123113     0.654113     0.411797     0.140090     0.080606     0.295753
     0.572782     -0.297637     -0.106773     -0.709225     0.254363     -0.031683     0.024643     0.051195

S:
      298.929996     0.000000     0.000000     0.000000     0.000000     0.000000     0.000000     0.000000
     0.000000     8.992072     0.000000     0.000000     0.000000     0.000000     0.000000     0.000000
     0.000000     0.000000     0.000000     0.000000     0.000000     0.000000     0.000000     0.000000
     0.000000     0.000000     0.000000     0.000000     0.000000     0.000000     0.000000     0.000000
     0.000000     0.000000     0.000000     0.000000     0.000000     0.000000     0.000000     0.000000
     0.000000     0.000000     0.000000     0.000000     0.000000     0.000000     0.000000     0.000000
     0.000000     0.000000     0.000000     0.000000     0.000000     0.000000     0.000000     0.000000
     0.000000     0.000000     0.000000     0.000000     0.000000     0.000000     0.000000     0.000000

V:
      0.324177     -0.558190     0.169768     -0.578998     0.258520     -0.113635     0.357503     0.108257
     0.332426     -0.404107     0.104166     0.582963     0.477181     0.253125     -0.276877     -0.084019
     0.340675     -0.250025     -0.221232     0.455876     -0.547027     -0.281820     0.418425     0.104507
     0.348923     -0.095942     -0.159211     -0.230943     -0.205109     -0.462357     -0.707772     -0.183248
     0.357172     0.058141     0.164962     -0.165608     -0.412358     0.624053     -0.220622     0.454152
     0.365421     0.212224     -0.621515     -0.173199     0.107607     0.369865     0.195896     -0.467328
     0.373670     0.366306     0.677778     0.042823     -0.095297     -0.076663     0.167773     -0.471027
     0.381919     0.520389     -0.114716     0.067086     0.416482     -0.312567     0.065673     0.538706

U * S * ~ V:
      1.000000     2.000000     3.000000     4.000000     5.000000     6.000000     7.000000     8.000000
     9.000000     10.000000     11.000000     12.000000     13.000000     14.000000     15.000000     16.000000
     17.000000     18.000000     19.000000     20.000000     21.000000     22.000000     23.000000     24.000000
     25.000000     26.000000     27.000000     28.000000     29.000000     30.000000     31.000000     32.000000
     33.000000     34.000000     35.000000     36.000000     37.000000     38.000000     39.000000     40.000000
     41.000000     42.000000     43.000000     44.000000     45.000000     46.000000     47.000000     48.000000
     49.000000     50.000000     51.000000     52.000000     53.000000     54.000000     55.000000     56.000000
     57.000000     58.000000     59.000000     60.000000     61.000000     62.000000     63.000000     64.000000


-------


Testing qrd() method ...

Original Matrix:
      1.000000     2.000000     3.000000     4.000000
     5.000000     6.000000     7.000000     8.000000
     9.000000     10.000000     11.000000     12.000000
     13.000000     14.000000     15.000000     16.000000
     17.000000     18.000000     19.000000     20.000000
     21.000000     22.000000     23.000000     24.000000
     25.000000     26.000000     27.000000     28.000000
     29.000000     30.000000     31.000000     32.000000

Q:
      -0.020113     -0.645184     0.712863     0.209590
     -0.100565     -0.513514     -0.355632     -0.425713
     -0.181017     -0.381843     -0.248845     -0.103300
     -0.261468     -0.250173     -0.263173     -0.164642
